180
0.247558594
0.248535156
0.251464844
0.25390625
0.256347656
0.251464844
0.249511719
0.249023438
0.24609375
0.249023438
0.256347656
0.252441406
0.25
0.252929688
0.251464844
0.249023438
0.247558594
0.248046875
0.245117188
0.249023438
0.253417969
0.24609375
0.250976563
0.252929688
0.246582031
0.242675781
0.229492188
0.244140625
0.272460938
0.2578125
0.240722656
0.244628906
0.243164063
0.246582031
0.245605469
0.246582031
0.252441406
0.245605469
0.259765625
0.206542969
0.166015625
0.161621094
0.134765625
0.116699219
0.088867188
0.016113281
0.004882813
0.046875
0.038574219
0.092285156
0.142089844
0.13671875
0.192871094
0.148925781
0.134277344
0.167480469
0.063476563
0.140625
0.070800781
0.075195313
0.119140625
0.071289063
0.000488281
0.06640625
0.065917969
0.01953125
0
-0.001953125
-0.051757813
-0.070800781
-0.038085938
-0.047363281
-0.039550781
-0.032714844
-0.0390625
-0.057128906
-0.089355469
-0.108398438
-0.081542969
-0.106445313
-0.106933594
-0.12109375
-0.125
-0.110351563
-0.125976563
-0.130371094
-0.135253906
-0.140136719
-0.142089844
-0.127441406
-0.115722656
-0.127929688
-0.125
-0.09375
-0.100097656
-0.095214844
-0.080078125
-0.099121094
-0.075683594
-0.046386719
-0.045410156
-0.063964844
-0.078613281
-0.05859375
-0.076660156
-0.062988281
-0.077148438
-0.073730469
-0.055175781
-0.017578125
0.01171875
-0.009277344
0.045410156
0.078125
-0.000976563
-0.001464844
0.005371094
-0.023925781
0.042480469
0.049316406
0.038085938
0.042480469
0.096191406
0.09375
0.104003906
0.084960938
0.065917969
0.090332031
0.122558594
0.092773438
0.105957031
0.096191406
0.089355469
0.088378906
0.096191406
0.080566406
0.165527344
0.142089844
0.079589844
0.080078125
0.102050781
0.055664063
0.091308594
0.223632813
0.125976563
0.133789063
0.118652344
0.068359375
0.165527344
0.171875
0.111816406
0.08984375
0.107421875
0.116699219
0.1171875
0.120117188
0.138671875
0.147460938
0.138671875
0.15625
0.229980469
0.143066406
0.156738281
0.181152344
0.18359375
0.171875
0.182617188
0.182617188
0.168945313
0.1796875
0.176757813
0.189941406
0.189453125
0.188964844
0.1953125
0.184082031
0.191894531
0.190917969
0.183105469
0.187988281
0.196289063
0.182128906
0.176269531
0.197753906
0.19921875
0.190429688
0.179199219
0.156738281
0.149414063
0.162109375
0.184570313
0.232421875
0.306640625
0.278808594
0.172851563
0.193847656
0.301757813
0.265625
0.145019531
0.100097656
0.343261719
0.268066406
0.360351563
0.319824219
-0.003417969
0.001953125
0.248535156
0.355957031
0.312011719
0.196777344
0.132324219
0.340332031
0.060058594
-0.1015625
0.061035156
0.329589844
0.697753906
0.8359375
0.874023438
0.810058594
0.713378906
0.487304688
-0.048339844
-0.708496094
-0.358886719
-0.172851563
0.316894531
0.527832031
0.205078125
-0.006835938
0.113769531
0.368652344
0.297851563
0.015625
0.041503906
0.07421875
-0.020019531
0.136230469
0.399902344
0.450195313
0.317871094
0.25
0.192382813
0.22265625
0.265625
0.172851563
0.137695313
0.26171875
0.256347656
0.2578125
0.272949219
0.222167969
0.234863281
0.327148438
0.251464844
0.043457031
-0.067871094
-0.067382813
-0.294433594
0.088867188
0.462890625
0.364257813
0.194824219
0.189941406
-0.037597656
-0.193359375
-0.077148438
-0.097167969
-0.106933594
-0.087890625
0.369628906
-0.028320313
0.356933594
0.650878906
0.073730469
0.032226563
0.141113281
0.060058594
0.312011719
0.425292969
0.032226563
0.022949219
0.116699219
0.110351563
0.104980469
0.002929688
0.033691406
0.219238281
0.394042969
0.419433594
0.366699219
0.245605469
0.14453125
0.144042969
0.15625
0.112304688
0
-0.073242188
0.049804688
0.48046875
0.608398438
0.457519531
-0.259277344
-0.215820313
-0.187011719
-0.147949219
0.092285156
0.284667969
0.05859375
-0.130859375
0.008789063
0.200683594
0.180664063
0.175292969
0.263183594
0.198730469
0.103027344
0.181640625
0.282714844
0.271972656
0.26171875
0.282714844
0.284179688
0.270019531
0.270019531
0.274414063
0.254882813
0.250488281
0.268066406
0.259277344
0.244628906
0.241699219
0.247558594
0.263671875
0.280761719
0.280273438
0.268554688
0.262207031
0.297363281
0.3359375
0.342773438
0.334472656
0.311035156
0.2890625
0.294433594
0.31640625
0.299804688
0.279785156
0.276367188
0.293945313
0.286621094
0.264160156
0.2578125
0.271484375
0.233886719
0.221679688
0.228027344
0.252929688
0.286621094
0.280761719
0.232421875
0.2421875
0.258300781
0.194824219
0.086914063
-0.003417969
0.099121094
0.26171875
0.330078125
0.145507813
0.022460938
0.022949219
-0.040527344
-0.128417969
-0.08203125
-0.021972656
-0.0078125
-0.08984375
-0.149902344
-0.084472656
-0.047851563
0.080566406
0.179199219
0.177246094
0.052246094
-0.072753906
-0.043457031
0.016113281
0.115234375
0.180175781
0.155273438
0.089355469
-0.016601563
-0.0546875
-0.016113281
0.012695313
0.048339844
0.064941406
0.052246094
0.036132813
0.017089844
0.061523438
0.093261719
0.09375
0.0625
0.096191406
0.176757813
0.189453125
-0.004882813
-0.084960938
-0.083984375
-0.001464844
-0.028808594
-0.078125
0.078125
0.102539063
0.021484375
0.036621094
0.187011719
0.201660156
0.120117188
0.150878906
0.186035156
0.166503906
0.157226563
0.178710938
0.173339844
0.154296875
0.168945313
0.209960938
0.218261719
0.164550781
0.151855469
0.172363281
0.18359375
0.162109375
0.138671875
0.126464844
0.122558594
0.115722656
0.089355469
0.067382813
0.083007813
0.1015625
0.098144531
0.126953125
0.16015625
0.168457031
0.077636719
0.102539063
0.310546875
0.373046875
0.207519531
0.068847656
0.030761719
0.289550781
0.326171875
0.13671875
0.206054688
0.187988281
0.187988281
0.3125
0.131347656
0.1328125
0.302734375
0.2578125
0.184570313
0.207519531
0.208984375
0.189941406
0.217773438
0.251953125
0.244628906
0.252441406
0.248046875
0.20703125
0.180664063
0.194335938
0.198242188
0.186523438
0.173339844
0.154296875
0.206054688
0.262207031
0.244628906
0.190429688
0.149902344
0.146972656
0.155761719
0.158203125
0.161132813
0.139160156
0.111816406
0.130371094
0.121582031
0.088867188
0.108398438
0.1015625
0.063964844
0.119628906
0.176757813
0.176757813
0.150878906
0.106445313
0.072753906
0.104003906
0.211914063
0.224609375
0.199707031
0.165039063
0.0859375
0.068847656
0.10546875
0.05859375
0.042480469
0.064941406
0.058105469
0.087402344
0.094238281
0.097167969
0.139648438
0.055664063
0.0546875
0.135253906
0.08984375
0.075683594
0.08203125
0.08984375
0.118652344
0.12109375
0.088378906
0.087402344
0.102539063
0.119628906
0.094238281
0.068847656
0.037597656
0.041503906
0.044433594
-0.031738281
-0.037597656
0.040527344
0.120605469
0.169921875
0.181152344
0.164550781
0.1015625
0.083496094
0.086914063
0.126953125
0.166992188
0.145019531
0.109375
0.0859375
0.117675781
0.171875
0.114257813
0.020507813
0.036132813
0.111328125
0.170410156
0.172363281
0.119140625
0.100097656
0.142089844
0.135253906
0.133789063
0.125488281
0.119628906
0.13671875
0.139648438
0.135742188
0.120117188
0.158691406
0.154296875
0.180664063
0.219238281
0.292480469
0.176757813
0.005371094
0.041503906
0.134277344
0.204101563
0.185546875
0.133789063
0.130859375
0.138183594
0.065917969
0.047851563
0.146972656
0.21875
0.221191406
0.202148438
0.178710938
0.175292969
0.174804688
0.175292969
0.182128906
0.158203125
0.16796875
0.219238281
0.204589844
0.147949219
0.1484375
0.252929688
0.203613281
0.162109375
0.315917969
0.25390625
0.145996094
0
0.087402344
0.305664063
0.301757813
0.284179688
0.288574219
0.228515625
0.235351563
0.289550781
0.294433594
0.270996094
0.265625
0.260253906
0.266601563
0.287597656
0.297363281
0.287109375
0.270019531
0.26953125
0.277832031
0.287109375
0.28125
0.278320313
0.268554688
0.262207031
0.271484375
0.271972656
0.272949219
0.267578125
0.256835938
0.242675781
0.229980469
0.252441406
0.245117188
0.198730469
0.187988281
0.200195313
0.193359375
0.212402344
0.175292969
0.155273438
0.138671875
0.09375
0.069824219
0.009765625
-0.032714844
0.076171875
0.273925781
0.380371094
0.36328125
0.298339844
0.228027344
0.165527344
0.110351563
0.143554688
0.175292969
0.045898438
-0.080078125
-0.049316406
-0.028808594
-0.049804688
-0.061035156
-0.103027344
-0.107910156
-0.001464844
0.162597656
0.265625
0.266113281
0.199707031
0.109375
0.0625
0.025878906
-0.003417969
-0.004882813
0.01171875
0.026855469
0.038574219
0.081054688
0.083496094
0.075195313
0.081542969
0.094238281
0.076660156
0.076171875
0.081054688
0.124511719
0.187988281
0.229003906
0.196289063
0.07421875
0.013671875
0.041503906
0.052246094
0.1953125
0.389160156
0.1875
-0.053710938
0.058105469
0.01953125
-0.031738281
0.199707031
0.310058594
0.241210938
0.211914063
0.234375
0.185546875
0.184082031
0.252929688
0.29296875
0.256347656
0.234375
0.257324219
0.271972656
0.291503906
0.273925781
0.26953125
0.286132813
0.292480469
0.315429688
0.302246094
0.288574219
0.292480469
0.310058594
0.302246094
0.312011719
0.316894531
0.309082031
0.312011719
0.318359375
0.312011719
0.306152344
0.305664063
0.313476563
0.306640625
0.28515625
0.284667969
0.300292969
0.294921875
0.283203125
0.283203125
0.291503906
0.293457031
0.292480469
0.285644531
0.264160156
0.25390625
0.242675781
0.232910156
0.220703125
0.20703125
0.213378906
0.215332031
0.198242188
0.184570313
0.1875
0.192382813
0.188964844
0.184082031
0.186035156
0.188964844
0.192871094
0.198730469
0.200195313
0.198242188
0.187988281
0.176757813
0.155273438
0.146484375
0.1328125
0.133789063
0.12890625
0.12890625
0.110351563
0.070800781
0.09765625
0.172363281
0.393554688
0.484375
0.341796875
0.113769531
-0.010253906
-0.063964844
-0.022460938
0.048339844
0.069824219
0.129882813
0.172851563
0.163085938
0.11328125
0.069824219
0.057128906
0.063964844
0.085449219
0.086425781
0.110351563
0.224609375
0.083984375
-0.110839844
0.021972656
0.209960938
y
-0.891601563
-0.899902344
-0.894042969
-0.893554688
-0.895019531
-0.895507813
-0.896484375
-0.895996094
-0.896972656
-0.895019531
-0.89453125
-0.89453125
-0.895019531
-0.895996094
-0.895507813
-0.898925781
-0.897949219
-0.896484375
-0.896972656
-0.896972656
-0.895507813
-0.896972656
-0.895507813
-0.895507813
-0.896972656
-0.897949219
-0.907226563
-0.897460938
-0.889160156
-0.890136719
-0.899902344
-0.900390625
-0.8984375
-0.8984375
-0.899902344
-0.901367188
-0.897460938
-0.902832031
-0.92578125
-0.885742188
-0.915039063
-0.956542969
-0.942871094
-0.954589844
-0.967773438
-0.954589844
-0.978515625
-0.94921875
-0.954589844
-0.94140625
-0.931152344
-0.937011719
-0.9609375
-0.960449219
-0.952636719
-0.958007813
-0.984863281
-0.968261719
-1.011230469
-0.985351563
-1.010742188
-1.004394531
-1.009765625
-1.027832031
-1.033203125
-1.006835938
-0.994628906
-0.994140625
-0.985351563
-0.967773438
-1.008300781
-1.018066406
-1.015625
-1.00390625
-0.995605469
-1.005859375
-0.991699219
-0.994140625
-1.016113281
-0.999023438
-1.009277344
-1.006835938
-0.999023438
-0.990234375
-0.978515625
-0.974609375
-0.978515625
-0.982910156
-0.975585938
-0.994140625
-1.009277344
-1.000976563
-1.014160156
-1.010742188
-1.012695313
-1.024902344
-1.040039063
-1.033691406
-1.052734375
-1.052734375
-1.047363281
-1.02734375
-0.998046875
-0.987304688
-0.9765625
-0.968261719
-0.966796875
-0.966308594
-0.979003906
-0.978027344
-0.987304688
-0.978027344
-0.984375
-0.997070313
-0.989746094
-0.987792969
-1.004394531
-0.994140625
-0.992675781
-0.984375
-0.981445313
-0.9921875
-0.996582031
-0.990722656
-0.994628906
-0.990722656
-0.98046875
-0.979003906
-0.981933594
-0.986816406
-0.980957031
-0.986816406
-0.985351563
-0.978027344
-0.982910156
-0.985351563
-0.975097656
-0.987304688
-0.987304688
-0.958007813
-0.9765625
-0.98046875
-0.980957031
-0.961914063
-0.971679688
-0.976074219
-0.967285156
-0.982910156
-0.956054688
-0.958007813
-0.968261719
-0.978027344
-0.97265625
-0.965332031
-0.97265625
-0.970703125
-0.966796875
-0.951660156
-0.966796875
-0.959472656
-0.931640625
-0.949707031
-0.948730469
-0.951660156
-0.942382813
-0.944824219
-0.949707031
-0.938476563
-0.947265625
-0.947265625
-0.938964844
-0.9375
-0.9375
-0.942871094
-0.936523438
-0.940429688
-0.940917969
-0.937988281
-0.9375
-0.940429688
-0.935546875
-0.937988281
-0.939453125
-0.936035156
-0.933105469
-0.937988281
-0.94140625
-0.952148438
-0.955566406
-0.94921875
-0.907226563
-0.866210938
-0.857421875
-0.914550781
-0.929199219
-0.913085938
-1.006835938
-1.0078125
-0.940429688
-0.970703125
-0.944335938
-0.947265625
-0.904785156
-0.939453125
-1.027832031
-1.004882813
-0.947753906
-0.889648438
-0.979492188
-1.018554688
-0.91015625
-0.89453125
-1.055664063
-1.15234375
-1.161621094
-1.1328125
-0.916992188
-0.641601563
-0.711914063
-0.715332031
-0.706054688
-0.639160156
-0.806152344
-0.947753906
-1.232421875
-1.33203125
-0.791015625
-0.944335938
-1.041992188
-0.965332031
-1.015625
-0.944824219
-0.94140625
-1.001464844
-0.985839844
-0.9609375
-0.999023438
-0.979980469
-0.955078125
-0.969726563
-0.978515625
-0.970703125
-0.970214844
-0.96484375
-0.967285156
-0.977050781
-0.990234375
-0.968261719
-0.952148438
-0.973632813
-0.959472656
-0.965820313
-0.985839844
-0.958007813
-0.934570313
-1.119628906
-1.037597656
-0.997070313
-0.739746094
-0.755371094
-0.768554688
-0.828125
-0.880859375
-0.911621094
-0.953125
-0.934082031
-0.880371094
-0.970703125
-0.969238281
-1.018554688
-1.048828125
-1.412109375
-0.778808594
-0.854980469
-1.005371094
-0.915527344
-0.945800781
-0.949707031
-0.850585938
-0.875
-0.9140625
-0.883300781
-0.874023438
-0.820800781
-0.811523438
-0.90625
-0.864257813
-0.717285156
-0.646484375
-0.659179688
-0.707519531
-0.815429688
-0.872558594
-0.90234375
-0.860839844
-0.866210938
-0.888671875
-0.827148438
-0.802246094
-0.752929688
-0.614257813
-0.524414063
-0.58984375
-0.837890625
-1.556152344
-0.987304688
-0.72265625
-0.868164063
-1.043945313
-1.024902344
-0.90625
-0.897949219
-0.947265625
-0.884765625
-0.873535156
-0.913085938
-0.908691406
-0.89453125
-0.87890625
-0.868164063
-0.884765625
-0.869140625
-0.862792969
-0.878417969
-0.878417969
-0.876953125
-0.8828125
-0.881347656
-0.879882813
-0.867675781
-0.877441406
-0.874023438
-0.87109375
-0.876953125
-0.876953125
-0.874023438
-0.877929688
-0.901367188
-0.918945313
-0.89453125
-0.893066406
-0.901855469
-0.904785156
-0.912109375
-0.919921875
-0.913085938
-0.916015625
-0.921875
-0.923828125
-0.920898438
-0.924316406
-0.939453125
-0.943359375
-0.94921875
-0.948242188
-0.959472656
-0.962402344
-0.920898438
-0.930664063
-0.926269531
-0.953125
-0.932128906
-0.924316406
-0.933105469
-0.946289063
-0.964355469
-0.965332031
-0.958007813
-0.927734375
-0.933105469
-0.973144531
-0.979492188
-0.912597656
-0.940429688
-0.9765625
-0.908203125
-0.843261719
-0.959960938
-1.063476563
-1.002929688
-0.913574219
-0.815429688
-0.767089844
-0.76953125
-0.805175781
-0.874511719
-0.935058594
-0.884765625
-0.817382813
-0.796875
-0.805664063
-0.853027344
-0.883300781
-0.885742188
-0.888671875
-0.866210938
-0.859375
-0.858398438
-0.877441406
-0.884277344
-0.874511719
-0.855957031
-0.841308594
-0.826171875
-0.787597656
-0.739257813
-0.737792969
-0.798339844
-0.875
-0.944335938
-0.967773438
-0.994628906
-1.107421875
-0.947753906
-0.925292969
-0.895507813
-0.963378906
-0.969726563
-0.913085938
-0.9140625
-0.950683594
-0.929199219
-0.926757813
-0.938476563
-0.932617188
-0.923339844
-0.928710938
-0.930664063
-0.931640625
-0.925292969
-0.922363281
-0.928710938
-0.9375
-0.930175781
-0.926269531
-0.929199219
-0.9375
-0.940917969
-0.938964844
-0.939453125
-0.943359375
-0.942871094
-0.9375
-0.937988281
-0.931640625
-0.914550781
-0.9140625
-0.905273438
-0.915527344
-0.992675781
-1.029296875
-0.934570313
-0.970703125
-0.950683594
-0.929199219
-0.935058594
-1.013671875
-0.916015625
-0.869628906
-0.987792969
-0.965820313
-0.911132813
-0.95703125
-0.96875
-0.91015625
-0.925292969
-0.951171875
-0.937011719
-0.939453125
-0.947753906
-0.928710938
-0.923828125
-0.918457031
-0.921386719
-0.912109375
-0.930175781
-0.9375
-0.926757813
-0.932617188
-0.930175781
-0.931640625
-0.947265625
-0.924316406
-0.897949219
-0.909179688
-0.923828125
-0.936035156
-0.936035156
-0.937011719
-0.927734375
-0.9296875
-0.934082031
-0.940917969
-0.938964844
-0.931152344
-0.939453125
-0.936523438
-0.935058594
-0.961425781
-0.936523438
-0.939453125
-0.916503906
-0.930664063
-0.965820313
-0.938476563
-0.917480469
-0.875488281
-0.828125
-0.829589844
-0.928222656
-0.964355469
-0.943359375
-0.918945313
-0.924804688
-0.946777344
-0.91796875
-0.8984375
-0.911621094
-0.909667969
-0.891113281
-0.905273438
-0.923339844
-0.899902344
-0.865722656
-0.884277344
-0.88671875
-0.874511719
-0.880859375
-0.900878906
-0.91796875
-0.905273438
-0.893066406
-0.893066406
-0.898925781
-0.892089844
-0.873046875
-0.891113281
-0.912109375
-0.90234375
-0.94140625
-0.944335938
-0.908203125
-0.869628906
-0.838867188
-0.813476563
-0.817382813
-0.829101563
-0.854492188
-0.874023438
-0.896484375
-0.932128906
-0.936523438
-0.927734375
-0.929199219
-0.908203125
-0.930664063
-1.001953125
-0.973144531
-0.958984375
-0.946777344
-0.93359375
-0.933105469
-0.94921875
-0.952636719
-0.9296875
-0.93359375
-0.946777344
-0.938964844
-0.953125
-0.942871094
-0.943359375
-0.944335938
-0.951171875
-0.935546875
-0.932617188
-0.91015625
-0.904785156
-0.917480469
-0.894042969
-0.922851563
-0.946777344
-0.921386719
-0.862304688
-0.864257813
-0.897949219
-0.883789063
-0.937988281
-0.94921875
-0.955078125
-0.938476563
-0.879394531
-0.858886719
-0.843261719
-0.853515625
-0.8671875
-0.873046875
-0.875
-0.883300781
-0.894042969
-0.887207031
-0.869628906
-0.850585938
-0.853027344
-0.875488281
-0.879394531
-0.87890625
-0.888183594
-0.880371094
-0.891601563
-0.955566406
-1.0234375
-0.952636719
-0.854492188
-0.868652344
-0.877441406
-0.876953125
-0.909179688
-0.903808594
-0.883789063
-0.878417969
-0.887207031
-0.889160156
-0.892089844
-0.89453125
-0.887695313
-0.879882813
-0.879882813
-0.892089844
-0.89453125
-0.887695313
-0.884277344
-0.88671875
-0.893554688
-0.892578125
-0.89453125
-0.90234375
-0.890625
-0.893554688
-0.901855469
-0.903808594
-0.903320313
-0.906738281
-0.897949219
-0.920410156
-0.928710938
-0.943359375
-0.926269531
-0.929199219
-0.937011719
-0.92578125
-0.939941406
-0.9453125
-0.94921875
-1.016601563
-1.087402344
-1.037597656
-0.997070313
-0.8984375
-0.788574219
-0.733398438
-0.744140625
-0.77734375
-0.80078125
-0.801269531
-0.8125
-0.90234375
-0.966308594
-1.034179688
-1.033691406
-1.062011719
-1.077636719
-1.009277344
-0.927734375
-0.896484375
-0.83984375
-0.793457031
-0.772949219
-0.805175781
-0.842285156
-0.869628906
-0.885253906
-0.908203125
-0.908691406
-0.919433594
-0.91796875
-0.915039063
-0.920410156
-0.898925781
-0.884277344
-0.877929688
-0.876464844
-0.892089844
-0.893066406
-0.895019531
-0.904785156
-0.873535156
-0.853515625
-0.861816406
-0.910644531
-0.905761719
-0.881347656
-0.833007813
-0.807617188
-0.886230469
-0.945800781
-1.069335938
-0.977050781
-0.815917969
-1.077636719
-1.020996094
-0.855957031
-0.896972656
-0.932128906
-0.907226563
-0.899414063
-0.932617188
-0.920898438
-0.905273438
-0.888671875
-0.89453125
-0.904785156
-0.903808594
-0.896484375
-0.892578125
-0.900390625
-0.90234375
-0.893066406
-0.896972656
-0.899414063
-0.90234375
-0.915527344
-0.908691406
-0.903808594
-0.907714844
-0.907226563
-0.901855469
-0.904296875
-0.91015625
-0.903320313
-0.900878906
-0.908203125
-0.907226563
-0.90234375
-0.904296875
-0.907226563
-0.907226563
-0.905761719
-0.901367188
-0.913085938
-0.908691406
-0.903808594
-0.905273438
-0.903808594
-0.905761719
-0.911621094
-0.914550781
-0.915527344
-0.915039063
-0.919433594
-0.916992188
-0.90625
-0.906738281
-0.905761719
-0.914550781
-0.913574219
-0.907226563
-0.910644531
-0.914550781
-0.916503906
-0.914550781
-0.911621094
-0.911621094
-0.911621094
-0.908691406
-0.915039063
-0.930175781
-0.930175781
-0.928710938
-0.939941406
-0.936523438
-0.930175781
-0.924316406
-0.93359375
-0.943847656
-0.921386719
-0.892578125
-0.900390625
-0.89453125
-0.852539063
-0.883789063
-0.958007813
-0.973144531
-0.967773438
-0.93359375
-0.900390625
-0.860351563
-0.870605469
-0.887695313
-0.901367188
-0.91015625
-0.90625
-0.895019531
-0.885742188
-0.867675781
-0.850585938
-0.910644531
-1.021972656
-0.976074219
-0.916503906
-0.916503906